11111111111111111111111111111111111111
10000000000000000000000000000000000001
10000000000000000000000000000000000001
10000001000000000000000000000010000001
10000002000000000000000000000010000001
10000002000000000000000000000020000001
10000001000000000011000000000020000001
10000001111110000011000001111110000001
10000000000000000011000000000000000001
10000000000000000011000000000000000001
10000000000000000011000000000000000001
10000001111110000011000001111110000001
10000001000000000011000000000020000001
10000002000000000011000000000020000001
10000002000000000000000000000010000001
10000001111110000000000001111110000001
10000000000000000000000000000000000001
10000000000000000000000000000000000001
11111111111111111111111111111111111111